-0.645326 0.763907
-0.85081 0.525473
-0.492165 0.870502
0.485329 -0.874332
-0.98846 -0.151483
-0.787042 -0.6169
-0.605861 -0.795571
-0.499628 -0.86624
-0.023598 0.999722
0.643824 0.765173
-0.910764 0.412927
-0.26514 0.96421
0.59385 -0.804576
0.779558 -0.62633
-0.54519 0.838312
-0.437453 0.899242
-0.999168 0.0407925
-0.385004 -0.922915
-0.145355 0.98938
0.921051 0.389442
-0.746096 -0.665839
0.913483 -0.406876
-0.999724 -0.0234826
0.644508 -0.764597
0.896893 0.442247
-0.44326 -0.896393
-0.381252 0.924471
0.688876 0.724879
-0.201267 -0.979536
-0.97669 -0.214653
0.42792 -0.903817
-0.994485 0.10488
0.995195 -0.0979111
-0.26376 -0.964588
-0.0738532 -0.997269
-0.985701 0.168503
0.731352 0.682
0.119216 -0.992868
0.987895 0.155124
-0.972862 0.231386
0.596504 0.80261
0.333295 0.942823
0.97453 -0.224257
-0.941154 -0.337977
-0.736084 0.67689
-0.99615 -0.087667
0.540716 -0.841205
0.182985 -0.983116
-0.205607 0.978635
-0.917557 -0.397605
0.9957 0.0926331
0.389054 0.921215
0.737557 -0.675285
0.840336 0.542065
-0.882554 0.470212
0.0549695 -0.998488
-0.553896 -0.832586
0.942542 0.334089
0.999568 0.0294009
-0.69199 0.721907
0.999414 -0.0342225
0.217783 0.975997
-0.325091 -0.945683
0.986896 -0.161355
-0.596318 0.802749
0.246004 -0.969269
0.961071 0.2763
0.885405 -0.46482
0.158371 0.98738
-0.00947944 -0.999955
-0.137874 -0.99045
0.308006 -0.951384
-0.935298 0.35386
0.976285 0.21649
0.853636 -0.52087
-0.777389 0.629021
-0.960897 -0.276907
0.547186 0.837011
0.818305 -0.574785
0.692477 -0.72144
0.770931 0.636919
0.0374129 0.9993
-0.702137 -0.712041
-0.890215 -0.455541
-0.824814 -0.565405
0.958132 -0.286328
-0.0846059 0.996414
0.276157 0.961113
-0.815696 0.578481
0.496083 0.868275
-0.859254 -0.511549
0.807317 0.590118
-0.956033 0.293261
0.937757 -0.347292
0.36873 -0.929537
0.0981594 0.995171
-0.655335 -0.755338
-0.323752 0.946142
0.443341 0.896353
0.870082 0.492907
